feature1,feature2,label
2.572532427850867,3.6018232708146396,1
-2.7520872637023,-3.084072695709075,0
-1.8841709215234628,-1.804807925857778,0
-1.1861295011616404,2.0217622079264865,1
2.7291282711913203,1.6238859525038887,1
-2.8267745867385794,1.8600466661851303,1
2.4105563394591405,-1.2165879653142828,0
1.3946224845675397,-1.6460673359216815,0
2.2452535459921252,3.9116032586495106,1
-1.6744175604986693,-1.6918942888237467,0
-3.2986917732429606,3.0175267666761316,1
2.686813120993171,-2.9911064231655837,0
-0.26502118973394917,0.9798615430184792,1
2.2043112906805273,-1.6292533137425056,0
2.8877143497499933,1.1650254555852222,1
2.5400745623217023,1.4985927463686122,1
2.2868969048587355,1.4971300099808622,1
-1.4012359859319576,0.885183843628653,1
-2.3069082820536595,2.2358119661724887,1
-3.6242171737491704,2.383001621704055,1
-1.400965629462116,-1.1537574667770596,0
2.0763044592565376,-2.6321691741318762,0
-1.8380708647168873,1.8194882358668174,1
2.3916080260271193,-2.783286932194728,0
2.564347631515914,3.2248207225710734,1
-1.3223300608239463,-1.022351672284362,0
-1.7070890989851457,-1.5807375122524863,0
2.340866186405851,1.7253170298612046,1
-1.2001367617281011,-1.0167138166045184,0
-0.07547421086985295,0.25928623002882345,0
1.6078153753053628,2.8496045252718307,1
-1.8429421477920565,2.147748256301043,1
3.1973769449022518,2.0752176095413497,1
0.8359020995412669,1.1191442238685294,1
1.663271830091549,1.1196373160376478,1
-1.7349132983637672,1.3599908770855962,1
1.0388567402495579,-1.638645315461836,0
-2.265893296882611,2.200321083344896,1
-1.0713467239271837,2.2159630468674307,1
2.576300140897855,1.6181003569745755,1
-2.970495562951351,-3.2798354102692517,0
3.0377905866691415,-2.195217881437993,0
-2.0152816698206446,-1.9926254655241114,0
-3.064471326555566,-3.330216611438434,0
2.2074474727619147,2.7053821063382384,1
2.9308473247112596,-2.5612202093055583,0
-1.9451706816093777,2.3867936249432,1
-1.5189599196849475,-1.4832004829023775,0
-1.2693324984392742,-1.054108650461905,0
1.9080778577368671,2.920734360818946,1
2.213225788213717,-2.4297749134165634,0
-1.9826594316784676,-2.093621167610753,0
-1.7733694300932077,1.7042500720078444,1
-1.3099354547396072,-1.0269155661154623,0
1.4568649086534777,2.39638597437279,1
1.4617297912626355,1.8024528256783094,1
4.597748654833981,-2.103412765690674,0
-1.88436857576254,-1.7915189716399027,0
1.186829610608405,-0.47482345400747805,1
-2.481001355704192,-2.6291892658509544,0
0.9913329578887695,2.3493929758005785,1
2.288067688353909,-1.7713990484988615,0
1.5821683116934018,1.480188697168062,1
-1.3866341910121311,-1.2892977650673874,0
-2.111440728625393,2.682870442656741,1
1.9891597575023447,-1.2286571724291386,0
-2.0100552415977733,1.2594576428385784,1
-1.9849645636970483,3.1083787774536464,1
2.5754857497041197,2.6003887859246215,1
1.029917281624293,2.3839823891201375,1
-2.334292801959509,-2.4453865882592947,0
1.7971188690994722,-1.58195627737059,0
-2.651078105130258,2.376330896248695,1
-1.7763236697932592,2.092566765954033,1
1.1016697386354593,2.1829971744161556,1
-2.152704005895185,2.518526335918644,1
-2.743563453673889,-2.9178883335003727,0
1.69842147774789,-2.650474908059673,0
-2.285835172339576,-2.4052892692124055,0
-0.8868745008550449,1.1773722513930052,1
2.2690950745397545,-2.1148719078629434,0
-2.1005074011722145,-2.1101710224006136,0
4.034151494750455,-2.6143022541329444,0
-0.4175123142217194,1.4552031591885966,1
3.8628663689047817,1.577710725583827,1
0.6388063950499681,2.09707793818753,1
-2.2360255290419198,-2.371236750138287,0
-3.07329456830729,-3.337332016006078,0
1.6220299593755252,0.8366507370450498,1
-0.9912192305358434,1.3590226239773169,1
1.1407400752038546,1.872370127549362,1
-2.117288501033181,-2.0203556673234675,0
2.5829627324277844,-2.293913062633227,0
-1.3983186113099388,-1.187936392306624,0
2.7560556962833527,-2.5062980318803874,0
-3.1633533995516094,2.4474673045357505,1
-3.0334815560543964,-3.3035992772745506,0
1.5661782518030325,2.954106366508008,1
1.162156496753375,-1.7875369008729236,0
2.28028148169346,1.2322129477455364,1
-1.529890193696799,-1.232278128859985,0
-0.809281047796522,-0.47513989370857446,0
2.6444279889899716,-2.37939176871976,0
1.1837319992621285,-2.5143987935319423,0
2.8499369696835424,-3.1195638719973466,0
-1.7282849564430767,1.913833665108399,1
-1.7162737998275825,-1.4879209645024218,0
1.5313887143741387,2.5908753178977304,1
-2.664708885177712,1.863911798465409,1
2.1631864551329567,-1.2706188421899114,0
2.3830004298818235,-2.6188340601482487,0
4.619706827803974,1.5142596558241057,1
-2.2616453459912123,2.251556827577634,1
-2.0314194220617616,-1.9868436901832016,0
-1.4656082702038198,-1.3377072545194975,0
-2.6859434360868,1.9588410300312933,1
2.504849657735086,-1.8790967247967674,0
3.0979314508387095,-1.5611503891942369,0
1.6934312621907954,1.504164010906111,1
-2.875472238233967,1.4861926094172302,1
-2.524272066817999,-2.6403775722742875,0
-3.8755477017880366,2.3206758149093063,1
-2.312052571230168,-2.280902355812578,0
-2.3037666645714268,-2.5478319424293927,0
-1.78914555324672,-1.6483574231275466,0
-1.5233945284586299,-1.364179716757105,0
2.8745340600821274,-2.9514779548176353,0
-3.280823266406427,2.014813128768235,1
2.632234915580002,-1.669433346323783,0
1.6754355104942114,1.881239622077023,1
3.954227487989808,1.6796221926606179,1
-2.1308525039094675,1.6163747105774693,1
1.1863595493966712,-1.3392518011461596,0
1.7456061284748088,-0.45989785762212754,0
-1.655435951338308,-1.6150426976771781,0
1.0428253548683544,-0.885306241399938,0
2.2210657442206765,-1.9055217657035022,0
-1.9349378256914809,1.869420500382734,1
-0.44601049325171105,0.19442883317821735,0
1.7663832655547398,-3.0536999867918286,0
-1.5639872904232357,2.0729638926065754,1
-3.5387664144195226,2.3089045355969393,1
3.778290316941951,1.8108461034850187,1
1.5378325330013487,-2.1043659182629346,0
-2.6048516475389896,1.9415539324207123,1
0.6254637477862084,-1.179751873449031,0
2.6352546124070693,1.6417099518318954,1
-2.5714144260636838,3.351217979343339,1
2.8637066399193447,0.866823660072602,1
-0.19431783870277775,1.76687252860004,1
